5 0.8515625 0.25625 0.159375 0.2359375
5 0.8765625 0.38671875 0.1578125 0.2625
5 0.6359375 0.2578125 0.084375 0.13125
5 0.7140625 0.17734375 0.071875 0.1265625
5 0.47421875 0.25625 0.278125 0.1125
3 0.22109375 0.10859375 0.3078125 0.2171875
3 0.37421875 0.07109375 0.3015625 0.1421875
3 0.490625 0.06640625 0.225 0.1
1 0.1484375 0.29375 0.196875 0.1359375
1 0.24609375 0.2328125 0.2421875 0.16875
1 0.43359375 0.18046875 0.2328125 0.15625
4 0.71796875 0.3046875 0.203125 0.1265625
4 0.7578125 0.2203125 0.1375 0.1
4 0.70546875 0.4640625 0.3828125 0.2390625
4 0.646875 0.6125 0.5203125 0.275
4 0.590625 0.784375 0.7125 0.309375
4 0.515625 0.8671875 0.809375 0.265625