4 0.4359375 0.890625 0.840625 0.21875
4 0.43203125 0.7765625 0.709375 0.21875
4 0.43828125 0.6640625 0.58125 0.2328125
4 0.46171875 0.52421875 0.44375 0.21875
4 0.46875 0.39375 0.3140625 0.20625
4 0.49453125 0.25546875 0.240625 0.115625
4 0.5046875 0.1765625 0.15625 0.1015625
5 0.84453125 0.88203125 0.1703125 0.2359375
5 0.76875 0.68046875 0.1609375 0.234375
5 0.71640625 0.54140625 0.1359375 0.221875
5 0.6734375 0.38515625 0.1296875 0.1796875
5 0.6078125 0.2515625 0.0984375 0.1609375
5 0.4421875 0.11953125 0.0515625 0.0921875
5 0.321875 0.28203125 0.128125 0.31875
5 0.16015625 0.54453125 0.184375 0.4390625
4 0.51796875 0.0890625 0.0796875 0.103125