3 0.2109375 0.24921875 0.421875 0.1546875
3 0.1578125 0.328125 0.315625 0.11875
3 0.0921875 0.3984375 0.184375 0.08125
3 0.09375 0.4453125 0.1875 0.0875
3 0.309375 0.20390625 0.24375 0.0921875
3 0.3984375 0.15 0.25 0.0828125
5 0.37421875 0.90625 0.1140625 0.1875
5 0.43359375 0.76875 0.1328125 0.234375
5 0.86171875 0.2796875 0.1375 0.190625
5 0.5125 0.540625 0.0984375 0.1703125
5 0.56796875 0.35625 0.0796875 0.1609375
4 0.7125 0.8671875 0.575 0.265625
4 0.72421875 0.69921875 0.5515625 0.2859375
4 0.75625 0.5453125 0.4875 0.25
4 0.753125 0.45546875 0.4125 0.2296875
4 0.7390625 0.35390625 0.3125 0.221875
4 0.70703125 0.25546875 0.190625 0.1984375
4 0.69765625 0.153125 0.128125 0.1109375
1 0.075 0.5484375 0.1265625 0.1125
1 0.1328125 0.46796875 0.115625 0.1015625
1 0.20859375 0.3984375 0.134375 0.09375
1 0.28984375 0.3265625 0.10625 0.075