1 0.07109375 0.37734375 0.134375 0.15
1 0.16796875 0.359375 0.1578125 0.1078125
1 0.25390625 0.34375 0.1640625 0.0828125
1 0.3546875 0.32890625 0.1421875 0.0609375
1 0.39609375 0.29296875 0.109375 0.06875
3 0.225 0.2453125 0.3453125 0.1015625
3 0.20546875 0.28515625 0.3515625 0.1234375
3 0.1 0.33046875 0.1671875 0.11875
3 0.41875 0.25390625 0.184375 0.071875
5 0.69609375 0.88203125 0.1984375 0.2359375
5 0.65390625 0.70078125 0.178125 0.2359375
5 0.6578125 0.78359375 0.178125 0.253125
5 0.0328125 0.80625 0.065625 0.234375
5 0.15859375 0.65703125 0.1203125 0.153125
5 0.23203125 0.58046875 0.1 0.1609375
5 0.61484375 0.53046875 0.10625 0.1671875
5 0.3046875 0.4734375 0.1390625 0.1703125
4 0.36640625 0.87890625 0.6453125 0.2421875
4 0.38046875 0.778125 0.54375 0.2484375
4 0.43203125 0.67578125 0.434375 0.2140625
4 0.4609375 0.57421875 0.3125 0.18125
4 0.49140625 0.48125 0.234375 0.128125
4 0.51640625 0.42109375 0.1703125 0.109375
4 0.53671875 0.3484375 0.10625 0.09375