4 0.41640625 0.87421875 0.8328125 0.2515625
4 0.41328125 0.77109375 0.715625 0.2671875
4 0.42734375 0.659375 0.590625 0.271875
4 0.46015625 0.52109375 0.453125 0.2484375
4 0.4765625 0.39140625 0.325 0.2265625
4 0.51171875 0.25546875 0.2453125 0.13125
4 0.52734375 0.178125 0.1625 0.1109375
5 0.815625 0.89140625 0.1875 0.2171875
5 0.75546875 0.6984375 0.1765625 0.2421875
5 0.71328125 0.55703125 0.15 0.2296875
5 0.68046875 0.39765625 0.140625 0.1859375
5 0.62421875 0.259375 0.109375 0.165625
5 0.46875 0.11640625 0.0578125 0.09375
5 0.3375 0.2703125 0.15 0.3234375
5 0.1578125 0.5203125 0.2125 0.446875
4 0.54609375 0.09140625 0.0859375 0.10625