1 0.0578125 0.5 0.115625 0.14375
1 0.1421875 0.45703125 0.153125 0.0984375
1 0.2203125 0.41796875 0.1625 0.0734375
1 0.31328125 0.37578125 0.1421875 0.053125
1 0.34296875 0.3296875 0.10625 0.0625
3 0.16875 0.33125 0.3375 0.078125
3 0.16640625 0.375 0.3328125 0.1
3 0.075 0.446875 0.15 0.109375
3 0.35390625 0.2859375 0.1828125 0.059375
5 0.8015625 0.83828125 0.18125 0.278125
5 0.70390625 0.65078125 0.165625 0.228125
5 0.7296875 0.72890625 0.1640625 0.246875
5 0.11015625 0.9078125 0.1046875 0.184375
5 0.215625 0.7453125 0.1109375 0.146875
5 0.26484375 0.6515625 0.090625 0.1578125
5 0.61953125 0.49765625 0.0953125 0.1640625
5 0.3046875 0.528125 0.1296875 0.1640625
4 0.48203125 0.9 0.6390625 0.2
4 0.46171875 0.8 0.5375 0.2125
4 0.4828125 0.68828125 0.4296875 0.1859375
4 0.4828125 0.58203125 0.30625 0.1625
4 0.48671875 0.484375 0.23125 0.1140625
4 0.49375 0.41953125 0.165625 0.1
4 0.49375 0.34453125 0.1015625 0.0875