5 0.69453125 0.85234375 0.2484375 0.2953125
5 0.6671875 0.615625 0.171875 0.2890625
5 0.65703125 0.45234375 0.1109375 0.1875
5 0.06328125 0.790625 0.1265625 0.215625
5 0.2046875 0.64921875 0.115625 0.13125
5 0.2953125 0.58671875 0.16875 0.1328125
5 0.51171875 0.4078125 0.0859375 0.08125
5 0.43203125 0.46953125 0.084375 0.09375
4 0.36953125 0.87734375 0.6296875 0.2453125
4 0.40859375 0.79296875 0.5140625 0.2578125
4 0.46640625 0.71953125 0.446875 0.2625
4 0.50078125 0.62421875 0.3140625 0.2140625
4 0.54765625 0.55 0.234375 0.2171875
4 0.57734375 0.48125 0.165625 0.2140625
4 0.59296875 0.43828125 0.121875 0.23125
3 0.10390625 0.31484375 0.1921875 0.2515625
3 0.2328125 0.290625 0.2328125 0.1234375
3 0.35546875 0.28125 0.2578125 0.0953125
1 0.08203125 0.4359375 0.1453125 0.078125
1 0.165625 0.40234375 0.1890625 0.109375
1 0.2671875 0.36640625 0.153125 0.0859375