1 0.05625 0.45390625 0.1125 0.1328125
1 0.1484375 0.41953125 0.1453125 0.08359375
1 0.23046875 0.3890625 0.15703125 0.05703125
1 0.32734375 0.35703125 0.13828125 0.03828125
1 0.36171875 0.3140625 0.1015625 0.0515625
3 0.18515625 0.296875 0.34296875 0.0421875
3 0.17265625 0.33984375 0.3453125 0.0640625
3 0.0765625 0.40234375 0.153125 0.09375
3 0.37734375 0.271875 0.1796875 0.04140625
5 0.76484375 0.86796875 0.1546875 0.2640625
5 0.68671875 0.67109375 0.14375 0.21484375
5 0.7046875 0.7515625 0.13984375 0.2328125
5 0.0671875 0.88828125 0.08125 0.2234375
5 0.19140625 0.7140625 0.09765625 0.1375
5 0.25 0.62578125 0.07578125 0.15
5 0.61875 0.51015625 0.0796875 0.15625
5 0.303125 0.5078125 0.11484375 0.15234375
4 0.43828125 0.9140625 0.625 0.17109375
4 0.43046875 0.79453125 0.5234375 0.159375
4 0.46328125 0.68515625 0.41640625 0.14375
4 0.47421875 0.5796875 0.29375 0.13203125
4 0.48828125 0.4828125 0.22265625 0.09140625
4 0.50234375 0.41953125 0.1578125 0.08359375
4 0.51015625 0.34453125 0.09453125 0.078125