4 0.43203125 0.84765625 0.7921875 0.3046875
4 0.41953125 0.671875 0.6046875 0.271875
4 0.4375 0.540625 0.4640625 0.26875
4 0.44765625 0.3890625 0.309375 0.221875
4 0.4484375 0.26796875 0.2 0.1625
4 0.4578125 0.228125 0.1390625 0.19375
4 0.45703125 0.1375 0.1296875 0.1234375
1 0.05859375 0.26953125 0.1171875 0.0984375
1 0.12265625 0.2125 0.15625 0.0875
5 0.7890625 0.6609375 0.3203125 0.64375
5 0.6109375 0.3203125 0.128125 0.2265625
5 0.10859375 0.62578125 0.1015625 0.1390625
5 0.20078125 0.4484375 0.103125 0.1234375
5 0.31015625 0.25703125 0.078125 0.071875
5 0.3796875 0.17421875 0.06875 0.0984375