5 0.459375 0.59140625 0.2875 0.8171875
5 0.70546875 0.20078125 0.2390625 0.2234375
5 0.88125 0.3328125 0.221875 0.2359375
5 0.40859375 0.04453125 0.084375 0.0765625
4 0.74765625 0.79609375 0.5046875 0.4015625
4 0.70703125 0.55625 0.546875 0.384375
4 0.578125 0.38359375 0.371875 0.340625
4 0.46328125 0.18125 0.25 0.2125
4 0.3953125 0.0984375 0.1734375 0.1421875
1 0.05 0.38671875 0.1 0.1328125
1 0.12578125 0.2359375 0.1578125 0.1375
1 0.1828125 0.140625 0.125 0.1109375
3 0.11484375 0.13828125 0.2296875 0.1546875