5 0.88515625 0.33359375 0.1703125 0.38125
5 0.59921875 0.1984375 0.06875 0.0734375
5 0.2578125 0.8390625 0.1171875 0.2109375
5 0.95 0.63515625 0.1 0.2890625
1 0.178125 0.37890625 0.3453125 0.08125
3 0.134375 0.21796875 0.2296875 0.18125
3 0.27890625 0.14609375 0.2515625 0.103125
4 0.72734375 0.1140625 0.084375 0.1640625
4 0.72265625 0.22421875 0.1859375 0.1265625
4 0.70859375 0.36640625 0.2890625 0.1921875
4 0.7 0.50703125 0.3703125 0.2765625
4 0.68515625 0.64375 0.490625 0.2984375
4 0.62734375 0.8640625 0.6359375 0.271875