5 0.80546875 0.76640625 0.1828125 0.425
5 0.72421875 0.45234375 0.18125 0.3546875
5 0.7640625 0.64140625 0.19375 0.4734375
5 0.64140625 0.16640625 0.1328125 0.25
5 0.64453125 0.18515625 0.1453125 0.3703125
5 0.23515625 0.0671875 0.0984375 0.1109375
5 0.04140625 0.2890625 0.0828125 0.1375
5 0.11015625 0.19609375 0.0734375 0.1109375
5 0.1765625 0.121875 0.0796875 0.0953125
4 0.41171875 0.890625 0.7515625 0.21875
4 0.34609375 0.678125 0.6328125 0.278125
4 0.3609375 0.50390625 0.68125 0.303125
4 0.36171875 0.334375 0.5921875 0.246875
4 0.39609375 0.20078125 0.4703125 0.2171875