5 0.79140625 0.78203125 0.16171875 0.4171875
5 0.7265625 0.4640625 0.1640625 0.346875
5 0.75625 0.6546875 0.16953125 0.465625
5 0.65859375 0.17421875 0.1203125 0.24375
5 0.66171875 0.1890625 0.12578125 0.37265625
5 0.2578125 0.05390625 0.0921875 0.10703125
5 0.05078125 0.265625 0.08203125 0.1328125
5 0.1265625 0.17578125 0.06796875 0.10703125
5 0.196875 0.10546875 0.07578125 0.09140625
4 0.3921875 0.8875 0.74375 0.1828125
4 0.33671875 0.66953125 0.62109375 0.24609375
4 0.3609375 0.496875 0.66875 0.26875
4 0.3703125 0.32734375 0.58125 0.21640625
4 0.41171875 0.19609375 0.46015625 0.19296875