5 0.81796875 0.78828125 0.2890625 0.4234375
5 0.80703125 0.45390625 0.2375 0.3453125
5 0.8171875 0.65703125 0.2546875 0.44375
5 0.09921875 0.26875 0.1515625 0.228125
5 0.21171875 0.14296875 0.1171875 0.190625
5 0.73203125 0.225 0.159375 0.1984375
5 0.65390625 0.1078125 0.1625 0.1484375
5 0.2453125 0.0484375 0.1625 0.096875
4 0.4015625 0.7828125 0.803125 0.434375
4 0.4078125 0.5859375 0.815625 0.440625
4 0.440625 0.41953125 0.7 0.3953125
4 0.453125 0.28984375 0.53125 0.3921875
4 0.40859375 0.1546875 0.4046875 0.309375
4 0.4546875 0.165625 0.4015625 0.2953125