5 0.42578125 0.5734375 0.21875 0.834375
5 0.80625 0.3046875 0.2265625 0.209375
5 0.90625 0.49453125 0.1875 0.2234375
5 0.59453125 0.0453125 0.0796875 0.071875
4 0.65390625 0.85390625 0.5828125 0.2921875
4 0.66875 0.6328125 0.5328125 0.346875
4 0.6171875 0.4234375 0.353125 0.3171875
4 0.590625 0.1921875 0.240625 0.196875
4 0.56015625 0.08984375 0.165625 0.13125
1 0.10625 0.2109375 0.1453125 0.1234375
1 0.25859375 0.1109375 0.1515625 0.1265625
1 0.34765625 0.04765625 0.1203125 0.0953125
3 0.2796875 0.04140625 0.240625 0.0828125