4 0.35703125 0.79921875 0.7140625 0.4015625
4 0.365625 0.634375 0.6203125 0.3484375
4 0.42734375 0.51640625 0.484375 0.3234375
4 0.48828125 0.378125 0.328125 0.2578125
4 0.53046875 0.26484375 0.2140625 0.184375
4 0.55390625 0.2296875 0.1609375 0.20625
4 0.58359375 0.14453125 0.1421875 0.1359375
1 0.1546875 0.1296875 0.146875 0.1140625
1 0.24375 0.10078125 0.1625 0.10625
5 0.715625 0.70859375 0.4 0.5828125
5 0.665625 0.36875 0.15625 0.2359375
5 0.0890625 0.484375 0.11875 0.1484375
5 0.23671875 0.34921875 0.1171875 0.1328125
5 0.4046875 0.20625 0.084375 0.0796875
5 0.4984375 0.15234375 0.08125 0.1046875