5 0.890625 0.7515625 0.17421875 0.4953125
5 0.78671875 0.38125 0.165625 0.31484375
5 0.84609375 0.57578125 0.1578125 0.4171875
5 0.05546875 0.37265625 0.1046875 0.20859375
5 0.13359375 0.2234375 0.07578125 0.178125
5 0.65859375 0.17734375 0.1203125 0.175
5 0.5546875 0.08203125 0.1375 0.11875
5 0.13359375 0.0796875 0.128125 0.159375
4 0.44140625 0.83828125 0.8359375 0.3015625
4 0.4109375 0.61171875 0.821875 0.25
4 0.42265625 0.43671875 0.6609375 0.24296875
4 0.40390625 0.30703125 0.4765625 0.28515625
4 0.32421875 0.17109375 0.35078125 0.26640625
4 0.375 0.18671875 0.36015625 0.21484375