5 0.78359375 0.83125 0.171875 0.3375
5 0.68984375 0.571875 0.11015625 0.2703125
5 0.640625 0.415625 0.07109375 0.175
5 0.1296875 0.89296875 0.1203125 0.1921875
5 0.25 0.71640625 0.090625 0.1125
5 0.32265625 0.63359375 0.1484375 0.1
5 0.4890625 0.4078125 0.07265625 0.06640625
5 0.4265625 0.48671875 0.06640625 0.0796875
4 0.47109375 0.921875 0.61171875 0.15078125
4 0.48203125 0.80625 0.49453125 0.14296875
4 0.5203125 0.72109375 0.41875 0.16640625
4 0.53046875 0.6203125 0.28671875 0.14921875
4 0.55859375 0.53671875 0.1984375 0.17421875
4 0.5703125 0.46328125 0.12265625 0.190625
4 0.575 0.41796875 0.07109375 0.2203125
3 0.07109375 0.41640625 0.1421875 0.22421875
3 0.18984375 0.36171875 0.221875 0.071875
3 0.30703125 0.32265625 0.25703125 0.034375
1 0.07890625 0.5390625 0.1375 0.04609375
1 0.1515625 0.4859375 0.17734375 0.06875
1 0.24140625 0.4265625 0.1453125 0.053125