3 0.0828125 0.2125 0.165625 0.121875
3 0.11484375 0.134375 0.2296875 0.103125
3 0.12265625 0.0734375 0.2453125 0.1
5 0.6859375 0.79765625 0.16875 0.3953125
5 0.6171875 0.56015625 0.121875 0.253125
5 0.5578125 0.37421875 0.1125 0.1953125
5 0.51328125 0.22578125 0.0859375 0.178125
5 0.86640625 0.2609375 0.1046875 0.075
5 0.93515625 0.30859375 0.1203125 0.0953125
5 0.68828125 0.1046875 0.0984375 0.0828125
5 0.49609375 0.12265625 0.0578125 0.13125
5 0.50234375 0.03203125 0.08125 0.03125
4 0.83828125 0.7375 0.3234375 0.13125
4 0.81640625 0.63984375 0.3671875 0.1421875
4 0.80703125 0.53125 0.3859375 0.125
4 0.78515625 0.428125 0.4296875 0.175
4 0.7359375 0.30546875 0.390625 0.140625
4 0.6578125 0.21640625 0.2796875 0.0953125
4 0.6140625 0.15625 0.2375 0.1140625
4 0.5609375 0.08359375 0.1546875 0.05625
4 0.5734375 0.04453125 0.1015625 0.0484375