5 0.89921875 0.6796875 0.2015625 0.51875
5 0.76171875 0.33359375 0.2171875 0.3390625
5 0.85390625 0.51484375 0.228125 0.4375
5 0.0546875 0.45078125 0.109375 0.2234375
5 0.09140625 0.29140625 0.10625 0.1890625
5 0.6 0.1546875 0.1484375 0.19375
5 0.48125 0.07890625 0.15625 0.140625
5 0.07109375 0.14921875 0.1421875 0.1796875
4 0.5 0.8109375 0.875 0.378125
4 0.43203125 0.62578125 0.853125 0.3890625
4 0.4125 0.45078125 0.69375 0.3546875
4 0.371875 0.3265625 0.51875 0.3640625
4 0.26953125 0.20625 0.3921875 0.3234375
4 0.32265625 0.21328125 0.3921875 0.2734375