5 0.4578125 0.5328125 0.3125 0.1046875
5 0.36015625 0.3609375 0.1671875 0.390625
1 0.909375 0.58125 0.18125 0.203125
1 0.6 0.22421875 0.153125 0.1625
1 0.528125 0.1484375 0.065625 0.0734375
4 0.1609375 0.45703125 0.2765625 0.1890625
4 0.22578125 0.3625 0.259375 0.1125
4 0.28515625 0.30234375 0.1921875 0.103125
4 0.32578125 0.246875 0.14375 0.08125
4 0.37734375 0.17890625 0.0765625 0.084375
4 0.16171875 0.64453125 0.309375 0.2390625
3 0.8625 0.27421875 0.2453125 0.2609375
3 0.7875 0.17265625 0.35 0.11875
3 0.62890625 0.1171875 0.2109375 0.0859375