5 0.81640625 0.8 0.20625 0.353125
5 0.69609375 0.5515625 0.1375 0.2796875
5 0.63125 0.4015625 0.0890625 0.18125
5 0.17265625 0.9140625 0.1390625 0.171875
5 0.27421875 0.74140625 0.1015625 0.121875
5 0.3375 0.6515625 0.1578125 0.115625
5 0.4796875 0.409375 0.0796875 0.0734375
5 0.42578125 0.49453125 0.075 0.0859375
4 0.51484375 0.9078125 0.6234375 0.184375
4 0.5140625 0.80625 0.50625 0.19375
4 0.54296875 0.71796875 0.434375 0.209375
4 0.54296875 0.61640625 0.3 0.178125
4 0.5625 0.53046875 0.215625 0.19375
4 0.56640625 0.45625 0.1421875 0.203125
4 0.565625 0.4109375 0.09375 0.2265625
3 0.0734375 0.4609375 0.146875 0.2375
3 0.17734375 0.39453125 0.228125 0.0953125
3 0.28984375 0.34375 0.259375 0.0609375
1 0.08515625 0.5828125 0.1421875 0.0609375
1 0.15234375 0.52265625 0.1828125 0.0875
1 0.23515625 0.45390625 0.15 0.06875