3 0.103125 0.17734375 0.1796875 0.125
3 0.14140625 0.1015625 0.246875 0.1078125
3 0.1578125 0.046875 0.253125 0.09375
5 0.659375 0.80625 0.175 0.3875
5 0.61171875 0.5703125 0.125 0.25625
5 0.56875 0.3796875 0.115625 0.196875
5 0.53671875 0.228125 0.0890625 0.1796875
5 0.88515625 0.29375 0.1046875 0.0765625
5 0.94453125 0.346875 0.1109375 0.096875
5 0.72265625 0.12265625 0.1 0.084375
5 0.52890625 0.1234375 0.0609375 0.1328125
5 0.54296875 0.03359375 0.08125 0.0328125
4 0.821875 0.76640625 0.3359375 0.1375
4 0.80703125 0.6671875 0.375 0.1484375
4 0.8046875 0.5578125 0.3890625 0.13125
4 0.78671875 0.45234375 0.4265625 0.1828125
4 0.7515625 0.32734375 0.3921875 0.146875
4 0.68203125 0.23125 0.28125 0.1
4 0.64375 0.1671875 0.2390625 0.1171875
4 0.59765625 0.090625 0.15625 0.059375
4 0.6125 0.053125 0.103125 0.05