4 0.50078125 0.8734375 0.8421875 0.253125
4 0.51640625 0.7140625 0.7234375 0.2828125
4 0.528125 0.57890625 0.5859375 0.2875
4 0.5484375 0.42421875 0.478125 0.2640625
4 0.5578125 0.2953125 0.3734375 0.215625
4 0.56875 0.16484375 0.275 0.153125
4 0.575 0.07109375 0.1984375 0.1421875
5 0.296875 0.3125 0.128125 0.409375
5 0.46171875 0.06171875 0.0828125 0.1171875
5 0.7046875 0.12109375 0.1203125 0.1765625
5 0.753125 0.27890625 0.1578125 0.2625
5 0.83984375 0.5703125 0.1796875 0.2890625
5 0.9015625 0.76328125 0.1640625 0.303125
5 0.103125 0.72890625 0.128125 0.21875
5 0.21484375 0.50703125 0.109375 0.2375