5 0.86328125 0.275 0.16875 0.2390625
5 0.88203125 0.40625 0.16875 0.2640625
5 0.6484375 0.265625 0.090625 0.1328125
5 0.73046875 0.1890625 0.0765625 0.128125
5 0.48671875 0.25546875 0.278125 0.1265625
3 0.2421875 0.10546875 0.315625 0.2109375
3 0.396875 0.071875 0.303125 0.14375
3 0.51328125 0.0671875 0.225 0.1109375
1 0.16015625 0.27578125 0.2 0.14375
1 0.26015625 0.21953125 0.2453125 0.178125
1 0.45078125 0.178125 0.2359375 0.165625
4 0.728125 0.31640625 0.2046875 0.1359375
4 0.771875 0.23359375 0.1390625 0.10625
4 0.70703125 0.475 0.3875 0.2546875
4 0.640625 0.6203125 0.5234375 0.2984375
4 0.57578125 0.7890625 0.7125 0.3421875
4 0.49453125 0.8578125 0.8109375 0.284375