4 0.43984375 0.840625 0.8546875 0.31875
4 0.4828125 0.7140625 0.7390625 0.3859375
4 0.515625 0.58203125 0.609375 0.36875
4 0.559375 0.4328125 0.5015625 0.3296875
4 0.5890625 0.30703125 0.3921875 0.265625
4 0.6203125 0.1796875 0.2890625 0.190625
4 0.64140625 0.08828125 0.2140625 0.16875
5 0.32890625 0.28359375 0.1875 0.4140625
5 0.5296875 0.06171875 0.096875 0.1234375
5 0.76171875 0.1578125 0.14375 0.1890625
5 0.784375 0.32109375 0.1921875 0.2765625
5 0.82421875 0.62265625 0.2171875 0.30625
5 0.85546875 0.82265625 0.2046875 0.3171875
5 0.075 0.6640625 0.15 0.23125
5 0.2171875 0.4625 0.1421875 0.2453125