3 0.26796875 0.17890625 0.459375 0.1171875
3 0.2 0.2421875 0.3421875 0.090625
3 0.12421875 0.29375 0.2 0.065625
3 0.1140625 0.340625 0.2015625 0.0703125
3 0.39296875 0.1640625 0.2421875 0.071875
3 0.49296875 0.13515625 0.25 0.0625
5 0.26953125 0.8765625 0.0953125 0.215625
5 0.36640625 0.7421875 0.1140625 0.228125
5 0.90625 0.38125 0.1234375 0.184375
5 0.5015625 0.5421875 0.0859375 0.165625
5 0.603125 0.37890625 0.065625 0.1578125
4 0.63828125 0.90546875 0.6265625 0.1890625
4 0.684375 0.75546875 0.5796875 0.240625
4 0.74609375 0.6125 0.496875 0.2109375
4 0.75625 0.52265625 0.403125 0.1984375
4 0.76875 0.42109375 0.3 0.1984375
4 0.76328125 0.3171875 0.1765625 0.1859375
4 0.78046875 0.21640625 0.121875 0.1015625
1 0.0765625 0.43671875 0.1203125 0.103125
1 0.153125 0.37421875 0.109375 0.09375
1 0.24453125 0.3265625 0.1296875 0.0828125
1 0.3421875 0.278125 0.103125 0.0671875