5 0.89296875 0.35390625 0.1890625 0.3890625
5 0.61484375 0.20390625 0.071875 0.0765625
5 0.23984375 0.8265625 0.128125 0.215625
5 0.9421875 0.65859375 0.115625 0.2921875
1 0.18515625 0.36171875 0.346875 0.0984375
3 0.15 0.19921875 0.2390625 0.1921875
3 0.29765625 0.13515625 0.25625 0.115625
4 0.74765625 0.1265625 0.0921875 0.16875
4 0.73671875 0.2359375 0.1921875 0.134375
4 0.715625 0.37734375 0.2984375 0.20625
4 0.69921875 0.5171875 0.3828125 0.29375
4 0.67734375 0.65390625 0.503125 0.3234375
4 0.60703125 0.859375 0.6484375 0.28125