4 0.46484375 0.903125 0.83046875 0.17890625
4 0.4515625 0.78046875 0.6984375 0.17109375
4 0.45 0.66796875 0.56953125 0.19375
4 0.46328125 0.5265625 0.43125 0.18984375
4 0.46171875 0.39609375 0.30234375 0.1859375
4 0.47734375 0.25625 0.234375 0.1
4 0.48203125 0.17734375 0.15078125 0.090625
5 0.871875 0.871875 0.153125 0.25625
5 0.78046875 0.6609375 0.14609375 0.22421875
5 0.71875 0.5265625 0.121875 0.2140625
5 0.66484375 0.3734375 0.11875 0.17109375
5 0.58984375 0.24453125 0.08828125 0.15546875
5 0.415625 0.12421875 0.0453125 0.0890625
5 0.30703125 0.2953125 0.10703125 0.31171875
5 0.1640625 0.56796875 0.1546875 0.4296875
4 0.4890625 0.0890625 0.07265625 0.09765625