5 0.60234375 0.3578125 0.10625 0.228125
5 0.65390625 0.54140625 0.109375 0.215625
5 0.69140625 0.6765625 0.1296875 0.25
5 0.72109375 0.796875 0.1171875 0.225
5 0.7421875 0.84140625 0.10625 0.271875
5 0.09375 0.54921875 0.121875 0.1234375
5 0.53828125 0.134375 0.209375 0.0796875
5 0.3953125 0.2109375 0.0828125 0.0703125
3 0.1375 0.2390625 0.275 0.1625
3 0.12890625 0.18359375 0.2375 0.1078125
3 0.31328125 0.1390625 0.265625 0.0890625
4 0.43828125 0.90078125 0.6515625 0.1984375
4 0.4 0.8140625 0.678125 0.2296875
4 0.3640625 0.7 0.6484375 0.21875
4 0.3828125 0.61484375 0.571875 0.1859375
4 0.38828125 0.53203125 0.64375 0.2125
4 0.39921875 0.45859375 0.496875 0.18125
4 0.428125 0.37578125 0.459375 0.153125
4 0.44921875 0.3 0.3578125 0.1546875
4 0.44921875 0.2390625 0.2546875 0.146875