5 0.61171875 0.36484375 0.090625 0.2234375
5 0.65078125 0.55234375 0.0953125 0.2109375
5 0.67890625 0.6890625 0.1125 0.2453125
5 0.7 0.81171875 0.103125 0.21875
5 0.7171875 0.85703125 0.0890625 0.2671875
5 0.09140625 0.5203125 0.115625 0.115625
5 0.5640625 0.13828125 0.20625 0.065625
5 0.415625 0.20390625 0.0796875 0.065625
3 0.14765625 0.2140625 0.2875 0.14375
3 0.15234375 0.15859375 0.2328125 0.09375
3 0.3390625 0.1265625 0.2640625 0.071875
4 0.409375 0.90859375 0.64375 0.1828125
4 0.378125 0.80625 0.671875 0.184375
4 0.35 0.68984375 0.6421875 0.175
4 0.375 0.60703125 0.565625 0.146875
4 0.3859375 0.52421875 0.6375 0.1703125
4 0.40234375 0.4515625 0.490625 0.1484375
4 0.43671875 0.37109375 0.4546875 0.1234375
4 0.46328125 0.296875 0.3515625 0.13125
4 0.4671875 0.23671875 0.2484375 0.13125