3 0.47890625 0.72890625 0.9390625 0.5421875
3 0.85546875 0.6390625 0.2890625 0.684375
3 0.8859375 0.35234375 0.215625 0.1921875
1 0.25625 0.4828125 0.5109375 0.078125
1 0.67578125 0.3734375 0.0921875 0.1125
5 0.4859375 0.365625 0.0453125 0.096875
5 0.57734375 0.3859375 0.2078125 0.0578125
5 0.18125 0.41953125 0.3625 0.0765625
5 0.3703125 0.3484375 0.040625 0.08125
4 0.10390625 0.46015625 0.19375 0.0734375
4 0.240625 0.43671875 0.2296875 0.06875
4 0.39375 0.40546875 0.1828125 0.05
4 0.421875 0.3734375 0.1125 0.0625
4 0.41796875 0.33828125 0.1109375 0.0578125