3 0.240625 0.2 0.4546875 0.07734375
3 0.17890625 0.26953125 0.33828125 0.06171875
3 0.1078125 0.32734375 0.19609375 0.0484375
3 0.1015625 0.375 0.196875 0.05390625
3 0.3640625 0.175 0.2390625 0.0515625
3 0.4609375 0.1375 0.246875 0.040625
5 0.303125 0.8953125 0.078125 0.209375
5 0.38828125 0.753125 0.0953125 0.22109375
5 0.89453125 0.34609375 0.109375 0.175
5 0.50546875 0.5421875 0.071875 0.16015625
5 0.5921875 0.3703125 0.053125 0.15390625
4 0.67421875 0.90625 0.6140625 0.16484375
4 0.70625 0.73828125 0.565625 0.19140625
4 0.7546875 0.590625 0.484375 0.16875
4 0.75703125 0.5 0.38984375 0.16484375
4 0.7609375 0.39765625 0.2859375 0.17421875
4 0.74609375 0.2953125 0.1625 0.17265625
4 0.7546875 0.19296875 0.1140625 0.0921875
1 0.07265625 0.47421875 0.1125 0.09375
1 0.14375 0.4046875 0.10234375 0.084375
1 0.23046875 0.34921875 0.12421875 0.07265625
1 0.3234375 0.29296875 0.09765625 0.05859375