1 0.07734375 0.25625 0.13515625 0.115625
1 0.2140625 0.16015625 0.21640625 0.06640625
1 0.371875 0.090625 0.12265625 0.0703125
5 0.74765625 0.24296875 0.165625 0.20625
5 0.8953125 0.49140625 0.209375 0.31640625
4 0.6515625 0.84921875 0.67421875 0.28828125
4 0.65078125 0.6171875 0.528125 0.246875
4 0.62265625 0.46015625 0.39296875 0.1953125
4 0.6046875 0.328125 0.2703125 0.17890625
4 0.58125 0.22578125 0.190625 0.153125
4 0.5640625 0.1203125 0.0765625 0.18046875
5 0.51328125 0.09453125 0.046875 0.13359375