5 0.72578125 0.8078125 0.2453125 0.384375
5 0.72890625 0.51171875 0.2328125 0.3734375
5 0.71875 0.7046875 0.2625 0.490625
5 0.72265625 0.2140625 0.16875 0.2640625
5 0.72265625 0.2296875 0.2 0.390625
5 0.3546875 0.0375 0.1125 0.075
5 0.109375 0.17734375 0.1078125 0.146875
5 0.20234375 0.10546875 0.0890625 0.11875
5 0.284375 0.0515625 0.09375 0.103125
4 0.3484375 0.84453125 0.696875 0.3109375
4 0.3171875 0.63203125 0.634375 0.3703125
4 0.36484375 0.46796875 0.709375 0.4015625
4 0.409375 0.30390625 0.6140625 0.3328125
4 0.4765625 0.184375 0.490625 0.284375