1 0.08671875 0.56484375 0.153125 0.121875
1 0.284375 0.47890625 0.29140625 0.06796875
1 0.7234375 0.23359375 0.1234375 0.05
1 0.6234375 0.28359375 0.12265625 0.05
1 0.44140625 0.39140625 0.17421875 0.04375
1 0.53671875 0.33828125 0.11484375 0.059375
3 0.19140625 0.32265625 0.3625 0.0984375
3 0.2734375 0.25859375 0.5 0.09921875
3 0.45859375 0.21640625 0.39453125 0.0796875
3 0.640625 0.1703125 0.2828125 0.0421875
3 0.76796875 0.140625 0.16640625 0.0421875
4 0.75234375 0.92734375 0.47890625 0.13203125
4 0.82734375 0.7625 0.33828125 0.19453125
4 0.89375 0.5703125 0.20625 0.24609375
4 0.9265625 0.39609375 0.134375 0.18125
4 0.9625 0.30078125 0.075 0.1609375
5 0.6265625 0.62734375 0.30703125 0.3640625