1 0.09765625 0.61484375 0.1671875 0.1390625
1 0.28359375 0.50546875 0.296875 0.103125
1 0.6890625 0.20859375 0.128125 0.0640625
1 0.59609375 0.2703125 0.128125 0.0640625
1 0.42890625 0.39921875 0.178125 0.0640625
1 0.51640625 0.33515625 0.121875 0.0734375
3 0.17890625 0.36171875 0.3578125 0.1421875
3 0.25 0.2875 0.5 0.159375
3 0.42421875 0.2234375 0.4015625 0.1265625
3 0.59921875 0.15546875 0.2859375 0.0765625
3 0.721875 0.1109375 0.1703125 0.0625
4 0.778125 0.89296875 0.44375 0.1890625
4 0.83828125 0.7203125 0.3234375 0.234375
4 0.890625 0.521875 0.21875 0.26875
4 0.9109375 0.34453125 0.1546875 0.196875
4 0.93515625 0.24609375 0.09375 0.16875
5 0.64140625 0.6109375 0.3484375 0.3984375