3 0.47109375 0.73515625 0.9234375 0.5296875
3 0.85859375 0.653125 0.2828125 0.675
3 0.890625 0.365625 0.209375 0.184375
1 0.25703125 0.47421875 0.5109375 0.059375
1 0.68046875 0.3796875 0.0890625 0.109375
5 0.490625 0.36484375 0.0421875 0.0953125
5 0.58125 0.38828125 0.20625 0.0515625
5 0.18203125 0.40859375 0.3640625 0.0640625
5 0.37578125 0.34375 0.0375 0.0796875
4 0.10546875 0.446875 0.1921875 0.0671875
4 0.24296875 0.42734375 0.228125 0.0609375
4 0.39765625 0.40234375 0.18125 0.04375
4 0.4265625 0.3703125 0.1109375 0.059375
4 0.42421875 0.33515625 0.109375 0.053125