3 0.08671875 0.1984375 0.1734375 0.115625
3 0.12109375 0.12109375 0.2421875 0.0953125
3 0.134375 0.0609375 0.2484375 0.090625
5 0.67578125 0.80390625 0.1546875 0.390625
5 0.61484375 0.5640625 0.1125 0.25
5 0.5625 0.3765625 0.10625 0.1921875
5 0.52265625 0.2265625 0.0796875 0.175
5 0.87421875 0.27421875 0.1015625 0.071875
5 0.94140625 0.32421875 0.1171875 0.09140625
5 0.70234375 0.11171875 0.09609375 0.07890625
5 0.509375 0.12265625 0.05390625 0.1296875
5 0.51875 0.03203125 0.08046875 0.028125
4 0.83515625 0.74921875 0.3296875 0.1203125
4 0.815625 0.65078125 0.36875 0.12890625
4 0.80703125 0.5421875 0.384375 0.11171875
4 0.7875 0.43828125 0.42421875 0.1609375
4 0.7421875 0.3140625 0.38671875 0.1265625
4 0.66796875 0.221875 0.27734375 0.08515625
4 0.62578125 0.16015625 0.23359375 0.10546875
4 0.57578125 0.0859375 0.153125 0.0515625
4 0.5890625 0.04765625 0.10078125 0.04453125