4 0.5359375 0.8890625 0.8265625 0.21484375
4 0.53515625 0.71171875 0.70625 0.221875
4 0.53515625 0.57578125 0.56796875 0.23828125
4 0.54140625 0.4203125 0.4609375 0.22421875
4 0.53984375 0.29140625 0.35859375 0.184375
4 0.5390625 0.16015625 0.26484375 0.13046875
4 0.5375 0.06640625 0.18828125 0.1265625
5 0.28125 0.33125 0.09296875 0.403125
5 0.4234375 0.06640625 0.07265625 0.1109375
5 0.67109375 0.1046875 0.10546875 0.16875
5 0.7328125 0.2578125 0.1359375 0.2515625
5 0.84453125 0.540625 0.15546875 0.27734375
5 0.92265625 0.72734375 0.13828125 0.29296875
5 0.12421875 0.7625 0.11015625 0.21015625
5 0.21640625 0.53203125 0.0890625 0.23046875