5 0.4546875 0.528125 0.30703125 0.07265625
5 0.37578125 0.346875 0.128125 0.37890625
1 0.90703125 0.62421875 0.1796875 0.1859375
1 0.628125 0.2359375 0.1390625 0.1484375
1 0.56484375 0.153125 0.05859375 0.06796875
4 0.1671875 0.421875 0.26171875 0.1625
4 0.24140625 0.334375 0.2515625 0.08671875
4 0.30703125 0.28125 0.18359375 0.08515625
4 0.353125 0.2296875 0.13828125 0.06640625
4 0.41171875 0.16796875 0.06953125 0.07734375
4 0.1484375 0.60859375 0.28984375 0.209375
3 0.884375 0.31328125 0.22109375 0.2390625
3 0.8203125 0.2046875 0.34375 0.08359375
3 0.66796875 0.1328125 0.2046875 0.065625