4 0.39375 0.8625 0.7671875 0.275
4 0.40234375 0.6625 0.5859375 0.2125
4 0.43359375 0.53359375 0.44375 0.2234375
4 0.459375 0.384375 0.290625 0.19296875
4 0.47265625 0.2640625 0.18515625 0.14453125
4 0.48671875 0.225 0.1203125 0.18203125
4 0.4953125 0.13515625 0.11875 0.1109375
1 0.075 0.22421875 0.1296875 0.08515625
1 0.1546875 0.175 0.15 0.071875
5 0.7703125 0.68984375 0.25703125 0.6203125
5 0.62890625 0.3328125 0.10625 0.2171875
5 0.09765625 0.584375 0.0890625 0.13046875
5 0.2078125 0.4171875 0.09140625 0.11484375
5 0.33671875 0.23828125 0.07109375 0.0640625
5 0.4140625 0.16328125 0.06015625 0.0921875