5 0.87890625 0.3203125 0.15703125 0.3765625
5 0.58828125 0.1953125 0.065625 0.071875
5 0.26953125 0.84765625 0.11015625 0.20703125
5 0.9546875 0.61953125 0.090625 0.2859375
1 0.17421875 0.38984375 0.34296875 0.06875
3 0.125 0.23125 0.22421875 0.1734375
3 0.26640625 0.15390625 0.2484375 0.09375
4 0.7140625 0.10625 0.07890625 0.16171875
4 0.7125 0.21640625 0.18203125 0.11953125
4 0.70390625 0.359375 0.28359375 0.1828125
4 0.7 0.5 0.3609375 0.2640625
4 0.68984375 0.6375 0.48046875 0.28203125
4 0.640625 0.8671875 0.62734375 0.265625