5 0.43828125 0.584375 0.08984375 0.83046875
5 0.771875 0.259375 0.20078125 0.18046875
5 0.91015625 0.4296875 0.1796875 0.1984375
5 0.521875 0.0359375 0.07109375 0.0609375
4 0.71328125 0.85859375 0.54609375 0.27734375
4 0.6875 0.6046875 0.49609375 0.271875
4 0.60390625 0.40625 0.31484375 0.271875
4 0.54140625 0.18203125 0.2171875 0.16484375
4 0.4953125 0.08515625 0.15078125 0.109375
1 0.065625 0.27578125 0.13125 0.1046875
1 0.20078125 0.153125 0.13671875 0.10703125
1 0.27890625 0.07421875 0.1078125 0.0875
3 0.20625 0.0546875 0.2265625 0.103125