5 0.79296875 0.18828125 0.1171875 0.21640625
5 0.84453125 0.3109375 0.10859375 0.24453125
5 0.5828125 0.23515625 0.0609375 0.121875
5 0.6421875 0.13984375 0.04765625 0.11953125
5 0.42421875 0.2671875 0.27265625 0.0578125
3 0.14296875 0.1609375 0.2734375 0.19609375
3 0.28671875 0.10234375 0.28828125 0.09453125
3 0.40078125 0.078125 0.21875 0.05546875
1 0.11328125 0.37109375 0.1796875 0.10078125
1 0.19609375 0.29140625 0.2203125 0.125
1 0.36875 0.2015625 0.2140625 0.1140625
4 0.67265625 0.26328125 0.18828125 0.08984375
4 0.69375 0.17265625 0.12421875 0.0765625
4 0.69375 0.421875 0.35625 0.16875
4 0.6671875 0.5796875 0.49453125 0.17578125
4 0.64765625 0.759375 0.69296875 0.16875
4 0.6015625 0.90078125 0.7859375 0.1984375