3 0.46328125 0.73671875 0.90703125 0.50078125
3 0.86171875 0.665625 0.27578125 0.66640625
3 0.8953125 0.3796875 0.203125 0.178125
1 0.2578125 0.465625 0.509375 0.0421875
1 0.684375 0.3859375 0.08515625 0.10625
5 0.4953125 0.36484375 0.0390625 0.09375
5 0.58515625 0.39140625 0.2046875 0.04375
5 0.18515625 0.39765625 0.3640625 0.05078125
5 0.38125 0.33984375 0.03515625 0.07890625
4 0.1078125 0.4328125 0.18984375 0.0609375
4 0.2453125 0.41875 0.2265625 0.053125
4 0.40078125 0.3984375 0.18046875 0.0375
4 0.43125 0.36796875 0.109375 0.05546875
4 0.4296875 0.3328125 0.1078125 0.05