5 0.61875 0.37109375 0.0796875 0.2203125
5 0.64765625 0.56015625 0.084375 0.20703125
5 0.66875 0.6984375 0.10078125 0.23984375
5 0.68359375 0.821875 0.09140625 0.21484375
5 0.6984375 0.86796875 0.075 0.2640625
5 0.090625 0.49921875 0.109375 0.11015625
5 0.5828125 0.1421875 0.20390625 0.0546875
5 0.43125 0.2 0.07578125 0.06171875
3 0.16328125 0.19609375 0.28046875 0.1296875
3 0.1703125 0.140625 0.22890625 0.08125
3 0.35859375 0.11875 0.2609375 0.0578125
4 0.3875 0.91171875 0.6359375 0.16640625
4 0.3625 0.79921875 0.665625 0.14921875
4 0.340625 0.68203125 0.63515625 0.1421875
4 0.36953125 0.6 0.5609375 0.11796875
4 0.38515625 0.51796875 0.63125 0.13671875
4 0.4046875 0.446875 0.48515625 0.1234375
4 0.44375 0.36796875 0.45078125 0.09921875
4 0.47421875 0.2953125 0.346875 0.11328125
4 0.48125 0.23515625 0.2421875 0.11796875